########################################################
TYPE: MAP
LANG: 1
BIT_MODE: 16
DATA:
__align(4) const CUSTOM_STRING_MAP_16 StrMap_1[] = {
	1,
	7,
	16,
	23,
	32,
	41,
	51,
	55,
	63,
	72,
	78,
	89,
	98,
	120,
	136,
	147,
	162,
	172,
	177,
	187,
	192,
	199,
	210,
	216,
	222,
	230,
	238,
	249,
	257,
	266,
	271,
	279,
	303,
	333,
	340,
	353,
	367,
	392,
	397,
	408,
	416,
	423,
	434,
	442,
	451,
	459,
	464,
	478,
	486,
	497,
	511,
	516,
	525,
	535,
	547,
	554,
	572,
	590,
	603,
	614,
	621,
	641,
	662,
	667,
	684,
	690,
	696,
	704,
	710,
	715,
	722,
	737,
	752,
	757,
	777,
	792,
	801,
	809,
	815,
	820,
	825,
	830,
	835,
	841,
	854,
	879,
	887,
	907,
	915,
	948,
	970,
	994,
	1011,
	1026,
	1040,
	1055,
	1071,
	1090,
	1102,
	1107,
	1115,
	1121,
	1128,
	1132,
	1139,
	1144,
	1153,
	1161,
	1168,
	1180,
	1192,
	1206,
	1214,
	1227,
	1231,
	1236,
	1241,
	1248,
	1267,
	1272,
	1289,
	1292,
	1307,
	1312,
	1319,
	1333,
	1365,
	1383,
	1397,
	1401,
	1404,
	1407,
	1412,
	1420,
	1427,
	1452,
	1461,
	1467,
	1473,
	1481,
	1486,
	1512,
	1524,
	1542,
	1548,
	1556,
	1562,
	1571,
	1577,
	1582,
	1587,
	1596,
	1611,
	1621,
	1632,
	1640,
	1647,
	1655,
	1662,
	1670,
	1676,
	1683,
	1689,
	1696,
	1705,
	1710,
	1716,
	1734,
	1740,
	1747,
	1754,
	1764,
	1771,
	1776,
	1789,
	1813,
	1831,
	1839,
	1844,
	1853,
	1860,
	1864,
	1870,
	1876,
	1881,
	1889,
	1895,
	1900,
	1908,
	1916,
	1921,
	1934,
	1939,
	1966,
	1982,
	1993,
	2000,
	2011,
	2030,
	2034,
	2041,
	2045,
	2062,
	2071,
	2085,
	2098,
	2104,
	2109,
	2116,
	2126,
	2130,
	2135,
	2139,
	2165,
	2197,
	2217,
	2238,
	2278,
	2309,
	2328,
	2349,
	2384,
	2394,
	2401,
	2408,
	2416,
	2426,
	2435,
	2442,
	2451,
	2455,
	2459,
	2463,
	2467,
	2471,
	2475,
	2479,
	2483,
	2487,
	2491,
	2495,
	2499,
	2503,
	2507,
	2511,
	2515,
	2519,
	2523,
	2527,
	2538,
	2544,
	2550,
	2558,
	2570,
	2577,
	2455,
	2459,
	2463,
	2467,
	2471,
	2475,
	2451,
	2479,
	2483,
	2487,
	2491,
	2495,
	2499,
	2503,
	2507,
	2511,
	2515,
	2519,
	2523,
	2584,
	2610,
	2644,
	2675,
	2706,
	2739,
	2773,
	2801,
	2827,
	2859,
	2896,
	2932,
	2968,
	2999,
	3038,
	3060,
	1401,
	2135,
	1289,
	3062,
	3085,
	3146,
	1365,
	3200,
	535,
	3210,
	3221,
	3239,
	3252,
	3270,
	3291,
	3302,
	3317,
	516,
	3332,
	3344,
	3363,
	3363,
	3344,
	3363,
	3344,
	3382,
	3391,
	3400,
	3409,
	3418,
	3427,
	3480,
	3545,
	3601,
	3624,
	3689,
	3698,
	3744,
	3782,
	3794,
	3808,
	3814,
	3819,
	3844,
	3864,
	3877,
	3881,
	3886,
	3900,
	3913,
	3932,
	3945,
	3950,
	3976,
	3997,
	4007,
	4009,
	4017,
	4037,
	4060,
	4082,
	4103,
	4138,
	4168,
	4217,
	4273,
	4307,
	4328,
	4341,
	4356,
	4361,
	4376,
	4391,
	4408,
	4446,
	4470,
	4483,
	4498,
	4516,
	4534,
	4567,
	4595,
	4615,
	4655,
	4686,
	4705,
	4723,
	4746,
	4763,
	4763,
	4763,
	4763,
	4763,
	4763,
	4763,
	4775,
	4781,
	4787,
	4793,
	4799,
	4805,
	4811,
	4817,
	4823,
	4829,
	4835,
	4845,
	4856,
	4870,
	4883,
	4903,
	4922,
	4941,
	4946,
	4960,
	4974,
	4994,
	5005,
	5022,
	5031,
	5042,
	5049,
	5058,
	5068,
	5081,
	5091,
	5103,
	5120,
	5135,
	5155,
	5169,
	5184,
	5200,
	5228,
	5243,
	5260,
	5279,
	4835,
	5300,
	5313,
	5326,
	5340,
	5360,
	5372,
	5377,
	5384,
	5397,
	5420,
	5461,
	5471,
	5486,
	5517,
	5555,
	5585,
	5598,
	5618,
	5638,
	5665,
	5679,
	5706,
	5728,
	5743,
	5757,
	5768,
	5787,
	5801,
	5804,
	5830,
	5837,
	5852,
	5868,
	5877,
	5888,
	5916,
	5932,
	5944,
	5957,
	5961,
	2130,
	5970,
	5983,
	6002,
	2384,
	6025,
	6047,
	6062,
	6089,
	6113,
	6122,
	6155,
	6186,
	6216,
	6241,
	6265,
	6288,
	6315,
	6343,
	6373,
	6403,
	6430,
	6457,
	6494,
	6551,
	6578,
	6618,
	6636,
	6659,
	6682,
	6711,
	6737,
	6759,
	6786,
	6817,
	6834,
	6863,
	6884,
	6897,
	6908,
	6931,
	6953,
	6966,
	6990,
	7000,
	7014,
	7029,
	7046,
	7069,
	7091,
	7122,
	7152,
	7178,
	7183,
	7189,
	7225,
	7248,
	7263,
	7274,
	7286,
	7304,
	7225,
	7321,
	7332,
	7345,
	7356,
	7366,
	7382,
	7389,
	7396,
	7408,
	7427,
	7444,
	7465,
	7486,
	7499,
	7509,
	7524,
	7540,
	7558,
	7590,
	7611,
	7635,
	7659,
	7664,
	7694,
	7724,
	7728,
	7732,
	7736,
	7748,
	7761,
	7782,
	7793,
	7806,
	7825,
	7838,
	7846,
	7858,
	7884,
	7904,
	7916,
	7934,
	7950,
	7972,
	7984,
	8005,
	8035,
	8050,
	8064,
	8077,
	8085,
	8093,
	8102,
	8112,
	8133,
	8140,
	8153,
	8162,
	8171,
	8180,
	8191,
	8201,
	8205,
	8217,
	8228,
	8241,
	8254,
	8267,
	8271,
	8278,
	8287,
	8314,
	8324,
	8333,
	8353,
	8368,
	8376,
	8385,
	8393,
	8397,
	8408,
	8415,
	8427,
	4356,
	8432,
	8439,
	8454,
	8465,
	8478,
	8495,
	8514,
	8532,
	8555,
	8576,
	8597,
	8613,
	8633,
	8653,
	8668,
	8678,
	8691,
	8709,
	8728,
	8734,
	8747,
	8728,
	8751,
	8756,
	8762,
	8768,
	8797,
	8802,
	8821,
	8836,
	8845,
	8859,
	8871,
	8883,
	8895,
	8911,
	8925,
	8941,
	8953,
	8969,
	8984,
	8998,
	9010,
	777,
	9030,
	9050,
	9069,
	9097,
	9123,
	9139,
	9156,
	9197,
	9221,
	9237,
	9252,
	9262,
	9276,
	9284,
	9295,
	9306,
	9320,
	9337,
	9360,
	9376,
	9393,
	9405,
	9415,
	9437,
	9457,
	757,
	9472,
	9486,
	9501,
	9515,
	9525,
	9538,
	9550,
	9560,
	9577,
	9591,
	9618,
	9637,
	9665,
	9688,
	9637,
	9712,
	9734,
	9758,
	9775,
	9791,
	9817,
	9838,
	9895,
	9915,
	9936,
	9936,
	9949,
	9959,
	9970,
	9981,
	9992,
	10009,
	10022,
	10036,
	10049,
	10060,
	9550,
	10075,
	10091,
	10109,
	10127,
	0,
	10141,
	10147,
	10159,
	10165,
	10171,
	10180,
	10184,
	10198,
	10212,
	10228,
	10235,
	10242,
	10387,
	10399,
	10418,
	10454,
	10471,
	10489,
	10511,
	10546,
	10567,
	10577,
	10546,
	10587,
	10601,
	10615,
	10625,
	10629,
	10632,
	10647,
	10661,
	10672,
	10688,
	10724,
	10761,
	10774,
	10787,
	10798,
	10809,
	10814,
	10823,
	10831,
	10845,
	10855,
	10872,
	10882,
	10855,
	10887,
	10855,
	10892,
	10896,
	10904,
	10946,
	10951,
	10957,
	10965,
	10972,
	10989,
	10997,
	11005,
	11011,
	11018,
	11039,
	11049,
	11061,
	11072,
	11083,
	11100,
	11112,
	11129,
	11148,
	11163,
	11175,
	11186,
	11199,
	11209,
	11228,
	7724,
	7728,
	11247,
	11257,
	11267,
	11275,
	11289,
	11301,
	11315,
	11326,
	11343,
	11345,
	11351,
	11362,
	11370,
	11381,
	11418,
	11449,
	11479,
	11505,
	11525,
	1365,
	11541,
	11566,
	11603,
	11621,
	11636,
	11648,
	11669,
	11706,
	11713,
	11722,
	11730,
	11735,
	11345,
	11750,
	11777,
	11805,
	11846,
	11888,
	11930,
	11950,
	11967,
	12016,
	12054,
	12103,
	12113,
	12125,
	12138,
	12146,
	12153,
	12161,
	12168,
	1705,
	12174,
	12183,
	12192,
	459,
	210,
	1412,
	172,
	1401,
	12200,
	12216,
	2135,
	1289,
	51,
	1764,
	710,
	1747,
	12229,
	12249,
	12262,
	12270,
	12287,
	12297,
	11163,
	12306,
	12313,
	12327,
	12344,
	12366,
	12381,
	12386,
	12397,
	12413,
	12435,
	12460,
	12479,
	1227,
	1705,
	12483,
	192,
	12502,
	12514,
	12521,
	12531,
	12543,
	684,
	12547,
	12555,
	12576,
	12581,
	12586,
	12586,
	12593,
	12617,
	177,
	12632,
	12662,
	12685,
	12711,
	12740,
	12746,
	12756,
	12780,
	12807,
	12817,
	12837,
	12855,
	12869,
	12884,
	12920,
	12929,
	12934,
	12949,
	12957,
	12966,
	12985,
	13026,
	13037,
	13055,
	13065,
	13078,
	13089,
	13097,
	13108,
	13123,
	13152,
	13163,
	820,
	13169,
	13182,
	13202,
	13218,
	13229,
	13242,
	13254,
	13270,
	13285,
	13312,
	8385,
	13322,
	13338,
	13375,
	13394,
	13420,
	13447,
	13478,
	13515,
	13549,
	13589,
	13629,
	13654,
	13683,
	13711,
	8953,
	13744,
	13765,
	13788,
	13797,
	13807,
	13818,
	13841,
	13856,
	13874,
	13894,
	11343,
	13899,
	13931,
	1587,
	13938,
	13943,
	13949,
	13976,
	9262,
	13998,
	14013,
	14029,
	14047,
	14054,
	279,
	14084,
	14117,
	14143,
	14176,
	14211,
	14232,
	14260,
	14281,
	14294,
	14298,
	7014,
	14319,
	14336,
	14354,
	14364,
	14374,
	14388,
	14398,
	14408,
	14424,
	11083,
	14442,
	11100,
	14454,
	14465,
	14495,
	11083,
	14495,
	14508,
	14526,
	14542,
	614,
	14553,
	14562,
	14579,
	14594,
	14607,
	14622,
	14631,
	14642,
	14654,
	14673,
	14692,
	14713,
	14736,
	14761,
	14778,
	14792,
	14809,
	14825,
	14842,
	14853,
	14864,
	14883,
	14893,
	14925,
	14932,
	14939,
	14955,
	14970,
	14995,
	15011,
	1312,
	15027,
	15037,
	15043,
	15055,
	15066,
	2550,
	15079,
	1397,
	15091,
	15097,
	15104,
	15111,
	15125,
	15130,
	15139,
	15148,
	15160,
	15167,
	15180,
	15125,
	12168,
	15191,
	1397,
	15205,
	15213,
	15221,
	15229,
	15232,
	15238,
	15246,
	15252,
	15260,
	15265,
	15273,
	15279,
	15287,
	15293,
	825,
	1161,
	1128,
	15302,
	15315,
	15326,
	1128,
	1312,
	15340,
	15345,
	4408,
	4446,
	15363,
	15376,
	15389,
	15410,
	15425,
	15460,
	15503,
	15537,
	15566,
	15579,
	15591,
	15604,
	15615,
	15628,
	15646,
	15652,
	15664,
	15670,
	15683,
	15698,
	15709,
	15716,
	15730,
	15744,
	15754,
	15771,
	15779,
	15794,
	15807,
	4376,
	4391,
	15822,
	15836,
	15855,
	15890,
	15899,
	15912,
	15925,
	15937,
	15953,
	15984,
	15997,
	16007,
	16031,
	16054,
	16066,
	16089,
	16111,
	10957,
	16123,
	15709,
	16130,
	16140,
	16154,
	16169,
	16173,
	16177,
	1011,
	9538,
	16188,
	8953,
	9376,
	16199,
	4391,
	15716,
	15836,
	16234,
	16247,
	16258,
	16279,
	16292,
	16302,
	4376,
	9538,
	16177,
	16322,
	16340,
	16360,
	16380,
	16402,
	4483,
	16419,
	16445,
	16463,
	16488,
	16512,
	16526,
	16549,
	16570,
	16588,
	10399,
	16602,
	16611,
	16622,
	16630,
	16642,
	16658,
	16675,
	16689,
	16696,
	16703,
	16710,
	16714,
	16718,
	16733,
	16747,
	16752,
	16759,
	15937,
	16767,
	16784,
	16792,
	16800,
	16815,
	16820,
	16826,
	16833,
	16839,
	16845,
	16850,
	16887,
	16913,
	16926,
	1307,
	16936,
	16946,
	16956,
	16961,
	16968,
	16977,
	16987,
	16995,
	17003,
	17010,
	17017,
	17026,
	17035,
	17044,
	17054,
	17063,
	17076,
	17082,
	17091,
	17101,
	17112,
	17129,
	17137,
	17148,
	17154,
	17168,
	17175,
	17180,
	17190,
	17199,
	17209,
	17218,
	17226,
	17239,
	17245,
	17255,
	17260,
	17273,
	17283,
	17290,
	17297,
	17304,
	17316,
	17327,
	17334,
	17341,
	17351,
	17363,
	17372,
	17379,
	17389,
	17398,
	17413,
	17419,
	17427,
	17437,
	17444,
	17450,
	17456,
	17461,
	17475,
	17484,
	17494,
	17500,
	17508,
	17518,
	17525,
	17532,
	17539,
	17545,
	17551,
	17561,
	17568,
	17580,
	17587,
	17598,
	17605,
	17612,
	1307,
	17618,
	17622,
	17626,
	17630,
	17634,
	17638,
	17642,
	17646,
	17650,
	17654,
	17658,
	17662,
	17666,
	17670,
	17674,
	17678,
	17682,
	17686,
	17690,
	17694,
	17698,
	17702,
	17706,
	17710,
	17714,
	17718,
	17722,
	17726,
	17730,
	17734,
	17738,
	17742,
	17746,
	17750,
	17754,
	17758,
	17762,
	17766,
	17770,
	17774,
	17778,
	17782,
	17786,
	17790,
	17794,
	17798,
	17802,
	17806,
	17810,
	17814,
	17818,
	17822,
	17826,
	17830,
	17834,
	17838,
	17842,
	17846,
	17850,
	17862,
	17900,
	17908,
	17850,
	17912,
	17924,
	17938,
	17945,
	17963,
	17975,
	17998,
	18020,
	18040,
	18055,
	18077,
	18096,
	18116,
	18130,
	18143,
	18156,
	18171,
	18186,
	18197,
	18221,
	18237,
	18263,
	18309,
	18334,
	18348,
	18363,
	18376,
	18387,
	18399,
	18411,
	18423,
	18435,
	18447,
	18469,
	18482,
	14692,
	6884,
	18495,
	18511,
	18526,
	18533,
	18540,
	18553,
	18572,
	18590,
	18597,
	18606,
	18620,
	18633,
	18641,
	18653,
	18683,
	18695,
	18717,
	18733,
	18745,
	18748,
	18759,
	9550,
	18797,
	17945,
	18810,
	18819,
	18835,
	18845,
	18859,
	18870,
	18886,
	18901,
	18913,
	18927,
	18938,
	18950,
	4007,
	18965,
	18985,
	19026,
	19065,
	19072,
	19076,
	19087,
	3976,
	19114,
	19129,
	3950,
	19145,
	19163,
	19189,
	19209,
	19238,
	2130,
	19259,
	19267,
	19283,
	19295,
	19308,
	19320,
	19334,
	19350,
	19371,
	19334,
	19393,
	19415,
	19320,
	19425,
	19444,
	19460,
	19480,
	8925,
	19499,
	18927,
	18938,
	19508,
	18901,
	18913,
	19524,
	19540,
	19560,
	19565,
	19578,
	19592,
	19607,
	19614,
	19627,
	19631,
	19643,
	19659,
	19679,
	19688,
	19701,
	19710,
	19725,
	19728,
	19731,
	19734,
	19737,
	19754,
	19769,
	19777,
	19786,
	19797,
	19803,
	19807,
	19815,
	19836,
	19853,
	19873,
	19883,
	15340,
	19893,
	19898,
	19908,
	19917,
	19931,
	19942,
	19952,
	19960,
	19968,
	19977,
	19986,
	19994,
	20002,
	20015,
	20023,
	20027,
	20032,
	20040,
	20050,
	20065,
	20083,
	20099,
	20119,
	20131,
	20151,
	20168,
	20186,
	20204,
	20222,
	20238,
	20257,
	20280,
	20310,
	20350,
	20371,
	20400,
	7286,
	20422,
	20449,
	20468,
	1026,
	20497,
	20513,
	20530,
	20560,
	20590,
	20620,
	20620,
	20642,
	13229,
	20654,
	20678,
	20711,
	20746,
	20762,
	20780,
	20802,
	20822,
	20828,
	20857,
	20876,
	20899,
	20927,
	20933,
	20938,
	20941,
	20954,
	20970,
	20991,
	21010,
	1524,
	1467,
	1168,
	2197,
	21026,
	21048,
	21068,
	21081,
	21113,
	21119,
	21149,
	21161,
	21181,
	21198,
	21208,
	21222,
	21235,
	1676,
	21246,
	21257,
	21264,
	21277,
	21290,
	21316,
	21327,
	21347,
	21369,
	21405,
	21415,
	21445,
	21475,
	21515,
	21543,
	9262,
	9550,
	21584,
	4356,
	21605,
	21626,
	21656,
	11621,
	21677,
	21692,
	21706,
	21726,
	21742,
	21751,
	21764,
	21780,
	63,
	21798,
	21812,
	21832,
	21846,
	21866,
	21881,
	21902,
	21917,
	21938,
	21960,
	21976,
	21997,
	22012,
	22047,
	22075,
	2550,
	22107,
	22121,
	22132,
	22142,
	22150,
	22167,
	2384,
	22174,
	22191,
	22204,
	22216,
	22229,
	22242,
	715,
	22255,
	22271,
	22279,
	22289,
	22298,
	22311,
	22325,
	22335,
	22347,
	22356,
	22396,
	22420,
	22438,
	15664,
	22451,
	22480,
	22507,
	22526,
	22544,
	22561,
	22589,
	22618,
	22643,
	22666,
	22691,
	10141,
	22703,
	22718,
	22733,
	22741,
	22759,
	22773,
	22784,
	22795,
	22808,
	22818,
	22831,
	22844,
	22857,
	22870,
	22883,
	416,
	22896,
	22903,
	1771,
	22910,
	22913,
	22925,
	22938,
	22953,
	1412,
	1647,
	22972,
	23010,
	23032,
	23069,
	1548,
	23097,
	23110,
	23123,
	23143,
	16622,
	22075,
	23170,
	23205,
	23246,
	23256,
	23266,
	23279,
	23293,
	12547,
	23305,
	23322,
	23331,
	23343,
	23356,
	23371,
	23381,
	23390,
	23396,
	23404,
	15646,
	23410,
	23415,
	23421,
	23436,
	23444,
	23293,
	23455,
	23465,
	23473,
	23482,
	1853,
	23490,
	12153,
	23498,
	23521,
	23543,
	23566,
	23589,
	23599,
	23610,
	23620,
	23630,
	23644,
	23659,
	16752,
	23669,
	1696,
	23679,
	23694,
	23709,
	23724,
	23739,
	23755,
	8271,
	23770,
	23776,
	23781,
	23796,
	5830,
	23809,
	9486,
	11343,
	23826,
	23839,
	23858,
	14454,
	23869,
	15646,
	23878,
	23890,
	2570,
	23902,
	23919,
	23927,
	23935,
	23942,
	23948,
	23961,
	23975,
	23987,
	23999,
	24020,
	24046,
	24065,
	24083,
	24103,
	24131,
	24173,
	24207,
	24248,
	5372,
	24299,
	1934,
	16815,
	24304,
	24310,
	24317,
	15664,
	24323,
	11343,
	24353,
	24357,
	24369,
	24379,
	24388,
	24399,
	4723,
	24407,
	24436,
	24452,
	24468,
	24475,
	24488,
	24516,
	24530,
	24547,
	24569,
	11163,
	24591,
	11163,
	24603,
	24618,
	24634,
	24702,
	24730,
	24762,
	24788,
	24803,
	24817,
	24831,
	24852,
	24866,
	24877,
	24893,
	24899,
	24910,
	24925,
	24936,
	24947,
	24958,
	24980,
	24989,
	24997,
	25005,
	25013,
	25021,
	25029,
	25037,
	25045,
	25053,
	25061,
	25069,
	25078,
	25087,
	25096,
	25105,
	25114,
	25123,
	25132,
	25151,
	4007,
	25153,
	25155,
	25157,
	25160,
	25163,
	25203,
	25222,
	25239,
	25257,
	11148,
	25268,
	25283,
	25296,
	25321,
	25340,
	25352,
	25367,
	25376,
	25386,
	25400,
	25415,
	25431,
	25438,
	25450,
	25470,
	25482,
	25494,
	25565,
	25574,
	25582,
	24603,
	25595,
	25615,
	25682,
	25700,
	25724,
	25741,
	25751,
	25756,
	25769,
	25780,
	16752,
	25787,
	25792,
	25799,
	333,
	25808,
	25818,
	25829,
	25853,
	25866,
	25906,
	25916,
	25933,
	25947,
	25959,
	26024,
	26036,
	26045,
	26058,
	26070,
	26081,
	26105,
	26123,
	17938,
	26136,
	26144,
	26157,
	26168,
	26175,
	26182,
	26189,
	603,
	26196,
	26216,
	26236,
	26241,
	26250,
	26255,
	26266,
	26272,
	26288,
	26303,
	26317,
	26326,
	4835,
	15683,
	26335,
	26340,
	26351,
	26369,
	26376,
	26391,
	26404,
	26168,
	26412,
	26175,
	26236,
	26241,
	26250,
	26272,
	26303,
	26426,
	26430,
	26182,
	26189,
	26437,
	26457,
	7321,
	603,
	26475,
	26497,
	26335,
	26351,
	26527,
	26544,
	26558,
	26566,
	26576,
	26588,
	26598,
	26612,
	26620,
	26630,
	26642,
	26652,
	26667,
	26677,
	26688,
	26701,
	5372,
	5377,
	26712,
	26732,
	26760,
	26775,
	26788,
	26819,
	26832,
	26853,
	26869,
	26881,
	25367,
	3932,
	26892,
	26905,
	26921,
	26934,
	26941,
	26949,
	26958,
	26964,
	26971,
	26978,
	26990,
	27002,
	27007,
	27024,
	27034,
	27044,
	27054,
	21010,
	27064,
	27075,
	12103,
	22216,
	22229,
	22121,
	27087,
	27096,
	27104,
	27118,
	27130,
	27144,
	27159,
	27176,
	27198,
	27216,
	27239,
	22953,
	27252,
	27276,
	27303,
	27317,
	27335,
	27355,
	21405,
	27376,
	10141,
	22703,
	22718,
	23404,
	27383,
	27392,
	27418,
	27429,
	1227,
	27434,
	27452,
	27475,
	27497,
	9550,
	27505,
	20954,
	27523,
	8408,
	27531,
	27545,
	27560,
	27574,
	27587,
	27595,
	27603,
	27616,
	27660,
	27702,
	27731,
	27752,
	16512,
	27765,
	27782,
	27806,
	22204,
	27837,
	27848,
	27864,
	27886,
	27905,
	27917,
	27925,
	27943,
	27958,
	27973,
	27989,
	28002,
	15345,
	28018,
	28042,
	28054,
	28065,
	28080,
	28099,
	15836,
	28114,
	15345,
	4391,
	28133,
	28174,
	15229,
	15232,
	15238,
	15246,
	15252,
	15260,
	15265,
	15273,
	15279,
	15287,
	28190,
	28204,
	1312,
	15340,
	825,
	15302,
	28218,
	28223,
	15111,
	15125,
	15130,
	15139,
	15148,
	15160,
	15167,
	15011,
	1312,
	15027,
	15037,
	15043,
	15055,
	15066,
	28228,
	1397,
	1404,
	14995,
	28239,
	15425,
	28265,
	27531,
	28282,
	28296,
	28313,
	28321,
	28330,
	28346,
	28364,
	737,
	28383,
	28394,
	28406,
	28432,
	28445,
	28458,
	28471,
	28487,
	28498,
	28517,
	1747,
	28533,
	20941,
	28541,
	28556,
	28560,
	28564,
	28568,
	7263,
	28576,
	28584,
	28589,
	28598,
	614,
	28606,
	10946,
	4835,
	12103,
	2130,
	5957,
	28616,
	1844,
	25741,
	5961,
	28626,
	23826,
	28639,
	28650,
	28657,
	16675,
	28663,
	28676,
	1312,
	28686,
	28691,
	28697,
	28707,
	28714,
	28720,
	28724,
	28729,
	28741,
	28754,
	28763,
	28788,
	28810,
	28845,
	28867,
	28916,
	28957,
	29009,
	29072,
	29095,
	29112,
	29133,
	29155,
	29176,
	29196,
	29215,
	21113,
	29230,
	29250,
	1307,
	29256,
	29250,
	29267,
	29314,
	29328,
	29347,
	29367,
	29367,
	603,
	29417,
	29442,
	29463,
	29486,
	29502,
	29542,
	29594,
	29613,
	29620,
	29628,
	29635,
	29643,
	29652,
	29667,
	29695,
	29709,
	29726,
	29735,
	29750,
	29769,
	29793,
	15664,
	23404,
	15646,
	29815,
	23465,
	29821,
	29831,
	29914,
	29923,
	29954,
	29979,
	29994,
	30015,
	30029,
	30046,
	30086,
	1236,
	30137,
	30154,
	10957,
	30169,
	30175,
	30220,
	30243,
	23,
};
########################################################
TYPE: MAP
LANG: FIXED
BIT_MODE: 16
DATA:
const CUSTOM_STRING_MAP_16 StrMap_Fixed[] = {
	1,
	3,
	5,
	7,
	9,
	11,
	13,
	15,
	17,
	19,
	21,
	24,
	29,
	59,
	59,
	59,
	59,
	59,
	59,
	59,
	59,
	59,
	59,
	59,
	59,
	59,
	59,
	59,
	59,
	59,
	59,
	59,
	59,
	59,
	59,
	59,
	59,
	59,
	59,
	59,
	59,
	59,
	59,
	59,
	59,
	59,
	59,
	59,
	61,
	65,
	79,
	110,
	133,
	137,
	162,
	167,
	172,
	178,
	195,
	211,
	224,
	236,
	247,
	260,
	273,
	285,
	299,
	311,
	324,
	337,
	350,
	360,
	370,
	383,
	394,
	405,
	420,
	446,
	462,
	471,
	480,
	490,
	500,
	509,
	518,
	527,
	534,
	539,
	553,
	565,
	576,
	586,
	600,
	604,
	607,
	623,
	633,
	642,
	653,
	671,
	679,
	684,
	689,
	694,
	704,
	713,
	726,
	740,
	754,
	764,
	773,
	784,
	791,
	798,
	805,
	814,
	823,
	837,
	841,
	846,
	849,
	853,
	863,
	874,
	883,
	893,
	902,
	912,
	920,
	929,
	939,
	947,
	955,
	963,
	973,
	989,
	1001,
	1023,
	1039,
	1059,
	1068,
	1073,
	1080,
	1085,
	1101,
	1114,
	1123,
	1133,
	1146,
	1161,
	1177,
	1186,
	1196,
	1213,
	1220,
	1231,
	1235,
	1243,
	1261,
	1277,
	1287,
	1294,
	1299,
	1307,
	1312,
	1322,
	1340,
	1360,
	1378,
	1392,
	1408,
	1423,
	1433,
	1444,
	1455,
	1477,
	1488,
	1498,
	1508,
	1527,
	1548,
	1554,
	1567,
	1578,
	1601,
	1607,
	1623,
	1628,
	1637,
	1648,
	1660,
	1664,
	1671,
	1680,
	1059,
	1687,
	1698,
	1708,
	1720,
	1733,
	1739,
	1745,
	1751,
	1757,
	1763,
	1769,
	1776,
	1785,
	1794,
	1803,
	1812,
	1821,
	1830,
	1839,
	1856,
	1869,
	1888,
	1906,
	1923,
	1940,
	1950,
	1960,
	1970,
	1980,
	1990,
	2001,
	2021,
	2032,
	2051,
	2060,
	2067,
	2073,
	2082,
	2094,
	2115,
	2126,
	2140,
	2152,
	2162,
	2170,
	2174,
	2180,
	2185,
	2193,
	2201,
	2209,
	2227,
	2246,
	2250,
	2260,
	2271,
	2285,
	2299,
	2260,
	2308,
	2320,
	2336,
	2351,
	2369,
	2395,
	2413,
	2421,
	2429,
	2451,
	2467,
	2477,
	2484,
	2492,
	2505,
	2517,
	2522,
	2527,
	2532,
	2537,
	2542,
	2547,
	2553,
	2559,
	2565,
	2571,
	2577,
	2583,
	2596,
	2601,
	2606,
	2611,
	2625,
	2634,
	2648,
	2661,
	2670,
	2682,
	2701,
	2720,
	2732,
	2739,
	2749,
	2761,
	2770,
	2780,
	2791,
	2802,
	2814,
	2825,
	2825,
	2840,
	2854,
	2870,
	2885,
	2899,
	2908,
	2920,
	1299,
	2933,
	2946,
	2991,
	2995,
	3003,
	3011,
	3022,
	3041,
	3053,
	3058,
	3065,
	3072,
	3080,
	3088,
	3094,
	3098,
	3102,
	3106,
	3117,
	3120,
	3123,
	3128,
	3137,
	3142,
	3167,
	3175,
	3183,
	3194,
	3209,
	3225,
	3241,
	3257,
	3269,
	3283,
	3288,
	3293,
	3298,
	3303,
	3308,
	3313,
	3318,
	3323,
	3328,
	3333,
	3338,
	3343,
	3348,
	3355,
	3363,
	3366,
	3369,
	3374,
	3378,
	3381,
	3384,
	3388,
	3392,
	3396,
	3400,
	3404,
	3408,
	3413,
	3418,
	3423,
	3428,
	3433,
	3438,
	3443,
	3448,
	3454,
	3461,
	3466,
	3471,
	3475,
	3479,
	3486,
	3489,
	3492,
	3499,
	3502,
	3505,
	3518,
	3529,
	3540,
	3550,
	3568,
	3579,
	3585,
	3591,
	3602,
	3609,
	3616,
	3621,
	3627,
	3631,
	3638,
	3643,
	3646,
	3649,
	1548,
	3656,
	3669,
	3680,
	3689,
	3701,
	3710,
	3722,
	3732,
	3743,
	59,
	59,
	3758,
	3763,
	3769,
	3775,
	3784,
	3793,
	3806,
	3810,
	3815,
	3824,
	3831,
	3836,
	3842,
	3849,
	3858,
	3869,
	3877,
	3885,
	3891,
	3900,
	3909,
	3914,
	3921,
	3928,
	3940,
	3952,
	3958,
	3969,
	3978,
	3992,
	4000,
	4008,
	4017,
	4027,
	4034,
	4048,
	4054,
	4063,
	4072,
	4080,
	4087,
	4095,
	4100,
	4110,
	7,
	4113,
	4117,
	4122,
	4127,
	4134,
	4143,
	4152,
	4160,
	4167,
	4175,
	4185,
	4193,
	4204,
	4213,
	4221,
	4228,
	4238,
	4242,
	4253,
	4261,
	4270,
	4276,
	4284,
	4292,
	4296,
	4305,
	4315,
	4320,
	4329,
	4342,
	4347,
	4356,
	4366,
	4375,
	4383,
	4390,
	4398,
	4402,
	4406,
	4418,
	4430,
	4437,
	4446,
	4455,
	4460,
	4471,
	4480,
	4488,
	4502,
	4508,
	4521,
	4532,
	4541,
	4545,
	4552,
	4560,
	4563,
	4572,
	4580,
	4591,
	4602,
	4613,
	4619,
	4628,
	4637,
	4646,
	4650,
	4658,
	4666,
	4674,
	4679,
	4683,
	4688,
	4700,
	4709,
	4721,
	4726,
	4729,
	4738,
	4748,
	4756,
	4764,
	4768,
	4777,
	4789,
	4798,
	4807,
	4818,
	4826,
	4829,
	4840,
	4850,
	4859,
	4864,
	4874,
	4885,
	4889,
	4896,
	4900,
	4905,
	4914,
	4923,
	4928,
	4935,
	4941,
	4951,
	4960,
	4968,
	4978,
	4987,
	4993,
	5000,
	5009,
	5021,
	5027,
	5039,
	5049,
	5057,
	5062,
	5071,
	5078,
	5087,
	5099,
	5104,
	5108,
	5117,
	5124,
	5134,
	5143,
	5150,
	5162,
	5168,
	5174,
	5185,
	5197,
	5204,
	5210,
	5217,
	5228,
	5240,
	5248,
	5257,
	5266,
	5277,
	5289,
	5296,
	5303,
	5311,
	5320,
	5325,
	5338,
	5345,
	5356,
	5362,
	5369,
	5381,
	5389,
	5394,
	5405,
	5414,
	5421,
	5428,
	5437,
	5445,
	5456,
	5466,
	5470,
	5479,
	5490,
	5502,
	5511,
	5519,
	5525,
	5537,
	5550,
	5558,
	5570,
	5580,
	5587,
	5597,
	5609,
	5620,
	5632,
	5639,
	5650,
	5662,
	5672,
	5682,
	5691,
	5695,
	5709,
	5714,
	5718,
	5728,
	5733,
	5751,
	5762,
	5772,
	5778,
	5790,
	5801,
	5814,
	5824,
	5832,
	5844,
	5852,
	5860,
	5868,
	5876,
	5885,
	5895,
	5906,
	5914,
	5923,
	5934,
	5944,
	5956,
	5966,
	5974,
	5983,
	5988,
	6000,
	6011,
	6021,
	6033,
	6039,
	6048,
	6052,
	6061,
	6073,
	6079,
	6088,
	6097,
	6102,
	6109,
	6119,
	6129,
	6140,
	6155,
	6164,
	6172,
	6181,
	6185,
	6194,
	6198,
	6205,
	6210,
	6215,
	6221,
	6233,
	6238,
	6250,
	6261,
	6271,
	6279,
	6286,
	6291,
	6299,
	6307,
	6316,
	6322,
	6332,
	6336,
	6339,
	6344,
	6351,
	6359,
	6370,
	6375,
	6385,
	6400,
	6409,
	6412,
	6417,
	6423,
	6428,
	6433,
	6440,
	6446,
	6456,
	6461,
	6468,
	6475,
	6483,
	6493,
	6503,
	6513,
	6523,
	6533,
	6543,
	6552,
	6557,
	6564,
	6573,
	6585,
	6592,
	6596,
	6605,
	6611,
	6615,
	6625,
	6632,
	6640,
	6645,
	6656,
	6665,
	6672,
	6681,
	6689,
	6698,
	6713,
	6719,
	6731,
	6739,
	6751,
	6756,
	6761,
	6773,
	6781,
	6793,
	6804,
	6817,
	6826,
	6833,
	6840,
	6850,
	6857,
	6866,
	6872,
	6881,
	6888,
	6893,
	6902,
	6910,
	6917,
	6925,
	6936,
	6946,
	6957,
	6962,
	6971,
	6982,
	6991,
	6998,
	7006,
	7018,
	7025,
	7035,
	7042,
	7051,
	7060,
	7076,
	7085,
	7092,
	7102,
	7113,
	7120,
	7129,
	7139,
	7143,
	7154,
	7164,
	7171,
	7180,
	7189,
	7195,
	7203,
	7207,
	7212,
	7220,
	7224,
	7232,
	7237,
	7245,
	7252,
	7257,
	7261,
	7270,
	7274,
	7283,
	7289,
	7296,
	7304,
	7313,
	7321,
	7330,
	7336,
	7343,
	7354,
	7361,
	7368,
	7375,
	7385,
	7398,
	7405,
	7415,
	7425,
	7432,
	7437,
	59,
	59,
	59,
	59,
	59,
	59,
	59,
	59,
	59,
	59,
	7440,
	7445,
	7450,
	7458,
	7466,
	7474,
	59,
	59,
	59,
	59,
	59,
	59,
	59,
	59,
	59,
	59,
	59,
	59,
	59,
	59,
	59,
	59,
	59,
	59,
	59,
	59,
	59,
	59,
	59,
	59,
	59,
	59,
	59,
	59,
	59,
	59,
	59,
	59,
	59,
	59,
	59,
	59,
	59,
	59,
	59,
	59,
	59,
	59,
	59,
	59,
	59,
	59,
};

########################################################
TYPE: VALUE
NAME: mtk_gTrans_string_count
VALUE: 2318
########################################################
TYPE: VALUE
NAME: mtk_gMaxDeployedLangs
VALUE: 1
########################################################
TYPE: VALUE
NAME: max_total_len
VALUE: 0
